-37.2829	-33.8953
-35.7371	-13.3111
-35.7346	-13.2775
-35.732	-13.244
-35.7292	-13.2105
-35.7264	-13.177
-35.7235	-13.1435
-35.7205	-13.11
-35.7174	-13.0765
-35.7143	-13.0431
-35.711	-13.0096
-35.7077	-12.9761
-35.7042	-12.9427
-35.7007	-12.9093
-35.6971	-12.8758
-35.6934	-12.8424
-35.6897	-12.809
-35.6858	-12.7756
-35.6819	-12.7422
-35.6778	-12.7088
-35.6737	-12.6754
-35.6695	-12.6421
-35.6652	-12.6087
-35.6608	-12.5754
-35.6564	-12.5421
-35.6518	-12.5088
-35.6472	-12.4755
-35.6425	-12.4422
-35.6377	-12.4089
-35.6328	-12.3756
-35.6278	-12.3424
-35.6227	-12.3091
-35.6176	-12.2759
-35.6123	-12.2427
-35.607	-12.2095
-35.6016	-12.1763
-35.5961	-12.1431
-35.5905	-12.11
-35.5849	-12.0768
-35.5791	-12.0437
-35.5733	-12.0106
-35.5673	-11.9775
-35.5613	-11.9444
-35.5552	-11.9114
-35.5491	-11.8783
-35.5428	-11.8453
-35.5364	-11.8123
-35.53	-11.7793
-35.5235	-11.7463
-35.5169	-11.7133
-35.5102	-11.6803
-35.5034	-11.6474
-35.4965	-11.6145
-35.4896	-11.5816
-35.4826	-11.5487
-35.4754	-11.5159
-35.4682	-11.483
-35.4609	-11.4502
-35.4536	-11.4174
-35.4461	-11.3846
-35.4386	-11.3518
-35.4309	-11.3191
-35.4232	-11.2864
-35.4154	-11.2537
-35.4076	-11.221
-35.3996	-11.1883
-35.3915	-11.1557
-35.3834	-11.123
-35.3752	-11.0904
-35.3669	-11.0579
-35.3585	-11.0253
-35.35	-10.9928
-35.3415	-10.9602
-35.3328	-10.9277
-35.3241	-10.8953
-35.3153	-10.8628
-35.3064	-10.8304
-35.2974	-10.798
-35.2884	-10.7656
-35.2792	-10.7333
-35.27	-10.7009
-35.2607	-10.6686
-35.2513	-10.6363
-35.2418	-10.6041
-35.2323	-10.5718
-35.2226	-10.5396
-35.2129	-10.5074
-35.2031	-10.4753
-35.1932	-10.4431
-35.1832	-10.411
-35.1731	-10.379
-35.163	-10.3469
-35.1528	-10.3149
-35.1425	-10.2829
-35.1321	-10.2509
-35.1216	-10.2189
-35.111	-10.187
-35.1004	-10.1551
-35.0897	-10.1232
-35.0789	-10.0914
-35.068	-10.0596
-35.057	-10.0278
-35.046	-9.9961
-35.0348	-9.9643
-35.0236	-9.9326
-35.0123	-9.901
-35.0009	-9.8693
-34.9895	-9.8377
-34.9779	-9.8061
-34.9663	-9.7746
-34.9546	-9.7431
-34.9428	-9.7116
-34.931	-9.6801
-34.919	-9.6487
-34.907	-9.6173
-34.8949	-9.5859
-34.8827	-9.5546
-34.8704	-9.5233
-34.858	-9.492
-34.8456	-9.4608
-34.8331	-9.4296
-34.8205	-9.3984
-34.8078	-9.3672
-34.7951	-9.3361
-34.7822	-9.3051
-34.7693	-9.274
-34.7563	-9.243
-34.7432	-9.212
-34.7301	-9.1811
-34.7168	-9.1502
-34.7035	-9.1193
-34.6901	-9.0885
-34.6766	-9.0577
-34.6631	-9.0269
-34.6494	-8.9962
-34.6357	-8.9655
-34.6219	-8.9348
-34.608	-8.9042
-34.5941	-8.8736
-34.5801	-8.843
-34.5659	-8.8125
-34.5517	-8.782
-34.5375	-8.7516
-34.5231	-8.7212
-34.5087	-8.6908
-34.4942	-8.6605
-34.4796	-8.6302
-34.4649	-8.5999
-34.4502	-8.5697
-34.4354	-8.5395
-34.4205	-8.5094
-34.4055	-8.4793
-34.3905	-8.4492
-34.3753	-8.4192
-34.3601	-8.3892
-34.3448	-8.3593
-34.3295	-8.3294
-34.314	-8.2995
-34.2985	-8.2697
-34.2829	-8.2399
-34.2672	-8.2101
-34.2515	-8.1804
-34.2357	-8.1508
-34.2198	-8.1211
-34.2038	-8.0915
-34.1877	-8.062
-34.1716	-8.0325
-34.1554	-8.003
-34.1391	-7.9736
-34.1227	-7.9443
-34.1063	-7.9149
-34.0898	-7.8856
-34.0732	-7.8564
-34.0565	-7.8272
-34.0398	-7.798
-34.023	-7.7689
-34.0061	-7.7398
-33.9891	-7.7108
-33.9721	-7.6818
-33.955	-7.6529
-33.9378	-7.624
-33.9205	-7.5951
-33.9032	-7.5663
-33.8858	-7.5376
-33.8683	-7.5088
-33.8507	-7.4802
-33.8331	-7.4515
-33.8154	-7.423
-33.7976	-7.3944
-33.7797	-7.3659
-33.7618	-7.3375
-33.7438	-7.3091
-33.7257	-7.2807
-33.7076	-7.2524
-33.6893	-7.2242
-33.671	-7.196
-33.6527	-7.1678
-33.6342	-7.1397
-33.6157	-7.1116
-33.5971	-7.0836
-33.5785	-7.0556
-33.5597	-7.0277
-33.5409	-6.9998
-33.522	-6.972
-33.5031	-6.9443
-33.4841	-6.9165
-33.465	-6.8888
-33.4458	-6.8612
-33.4266	-6.8336
-33.4073	-6.8061
-33.3879	-6.7786
-33.3685	-6.7512
-33.3489	-6.7238
-33.3293	-6.6965
-33.3097	-6.6692
-33.29	-6.642
-33.2702	-6.6148
-33.2503	-6.5877
-33.2303	-6.5606
-33.2103	-6.5336
-33.1902	-6.5067
-33.1701	-6.4797
-33.1499	-6.4529
-33.1296	-6.4261
-33.1092	-6.3993
-33.0888	-6.3726
-33.0683	-6.3459
-33.0477	-6.3193
-33.0271	-6.2928
-33.0064	-6.2663
-32.9856	-6.2399
-32.9648	-6.2135
-32.9439	-6.1872
-32.9229	-6.1609
-32.9018	-6.1347
-32.8807	-6.1085
-32.8595	-6.0824
-32.8383	-6.0563
-32.817	-6.0303
-32.7956	-6.0044
-32.7742	-5.9785
-32.7526	-5.9526
-32.7311	-5.9268
-32.7094	-5.9011
-32.6877	-5.8755
-32.6659	-5.8498
-32.6441	-5.8243
-32.6221	-5.7988
-32.6002	-5.7733
-32.5781	-5.7479
-32.556	-5.7226
-32.5338	-5.6973
-32.5116	-5.6721
-32.4893	-5.647
-32.4669	-5.6219
-32.4445	-5.5968
-32.422	-5.5718
-32.3994	-5.5469
-32.3768	-5.5221
-32.3541	-5.4972
-32.3313	-5.4725
-32.3085	-5.4478
-32.2856	-5.4232
-32.2626	-5.3986
-32.2396	-5.3741
-32.2166	-5.3496
-32.1934	-5.3252
-32.1702	-5.3009
-32.1469	-5.2766
-32.1236	-5.2524
-32.1002	-5.2283
-32.0768	-5.2042
-32.0533	-5.1802
-32.0297	-5.1562
-32.006	-5.1323
-31.9823	-5.1084
-31.9586	-5.0846
-31.9347	-5.0609
-31.9109	-5.0372
-31.8869	-5.0136
-31.8629	-4.9901
-31.8388	-4.9666
-31.8147	-4.9432
-31.7905	-4.9199
-31.7663	-4.8966
-31.7419	-4.8733
-31.7176	-4.8502
-31.6931	-4.8271
-31.6687	-4.804
-31.6441	-4.7811
-31.6195	-4.7582
-31.5948	-4.7353
-31.5701	-4.7125
-31.5453	-4.6898
-31.5205	-4.6672
-31.4956	-4.6446
-31.4706	-4.622
-31.4456	-4.5996
-31.4205	-4.5772
-31.3954	-4.5548
-31.3702	-4.5326
-31.3449	-4.5104
-31.3196	-4.4882
-31.2942	-4.4662
-31.2688	-4.4442
-31.2433	-4.4222
-31.2178	-4.4004
-31.1922	-4.3786
-31.1666	-4.3568
-31.1409	-4.3351
-31.1151	-4.3135
-31.0893	-4.292
-31.0634	-4.2705
-31.0375	-4.2491
-31.0115	-4.2278
-30.9855	-4.2065
-30.9594	-4.1853
-30.9332	-4.1642
-30.907	-4.1431
-30.8808	-4.1221
-30.8545	-4.1011
-30.8281	-4.0803
-30.8017	-4.0595
-30.7752	-4.0388
-30.7487	-4.0181
-30.7221	-3.9975
-30.6955	-3.977
-30.6688	-3.9565
-30.642	-3.9361
-30.6152	-3.9158
-30.5884	-3.8956
-30.5615	-3.8754
-30.5345	-3.8553
-30.5075	-3.8352
-30.4805	-3.8153
-30.4534	-3.7954
-30.4262	-3.7756
-30.399	-3.7558
-30.3718	-3.7361
-30.3445	-3.7165
-30.3171	-3.6969
-30.2897	-3.6775
-30.2622	-3.6581
-30.2347	-3.6387
-30.2072	-3.6195
-30.1796	-3.6003
-30.1519	-3.5812
-30.1242	-3.5621
-30.0964	-3.5431
-30.0686	-3.5242
-30.0408	-3.5054
-30.0129	-3.4866
-29.9849	-3.468
-29.9569	-3.4493
-29.9289	-3.4308
-29.9008	-3.4123
-29.8726	-3.3939
-29.8444	-3.3756
-29.8162	-3.3574
-29.7879	-3.3392
-29.7596	-3.3211
-29.7312	-3.303
-29.7028	-3.2851
-29.6743	-3.2672
-29.6458	-3.2494
-29.6172	-3.2317
-29.5886	-3.214
-29.56	-3.1964
-29.5313	-3.1789
-29.5025	-3.1614
-29.4737	-3.1441
-29.4449	-3.1268
-29.416	-3.1096
-29.3871	-3.0924
-29.3581	-3.0754
-29.3291	-3.0584
-29.3	-3.0415
-29.2709	-3.0246
-29.2418	-3.0078
-29.2126	-2.9912
-29.1834	-2.9745
-29.1541	-2.958
-29.1248	-2.9415
-29.0954	-2.9251
-29.066	-2.9088
-29.0366	-2.8926
-29.0071	-2.8764
-28.9776	-2.8603
-28.948	-2.8443
-28.9184	-2.8284
-28.8887	-2.8126
-28.8591	-2.7968
-28.8293	-2.7811
-28.7995	-2.7655
-28.7697	-2.7499
-28.7399	-2.7344
-28.71	-2.719
-28.6801	-2.7037
-28.6501	-2.6885
-28.6201	-2.6733
-28.59	-2.6582
-28.5599	-2.6432
-28.5298	-2.6283
-28.4996	-2.6135
-28.4694	-2.5987
-28.4392	-2.584
-28.4089	-2.5694
-28.3786	-2.5549
-28.3482	-2.5404
-28.3178	-2.526
-28.2874	-2.5117
-28.2569	-2.4975
-28.2264	-2.4834
-28.1959	-2.4693
-28.1653	-2.4553
-28.1347	-2.4414
-28.1041	-2.4276
-28.0734	-2.4138
-28.0426	-2.4002
-28.0119	-2.3866
-27.9811	-2.3731
-27.9503	-2.3596
-27.9194	-2.3463
-27.8885	-2.333
-27.8576	-2.3198
-27.8266	-2.3067
-27.7956	-2.2937
-27.7646	-2.2807
-27.7335	-2.2679
-27.7024	-2.2551
-27.6713	-2.2424
-27.6402	-2.2298
-27.609	-2.2172
-27.5777	-2.2047
-27.5465	-2.1924
-27.5152	-2.1801
-27.4839	-2.1678
-27.4525	-2.1557
-27.4211	-2.1436
-27.3897	-2.1316
-27.3583	-2.1197
-27.3268	-2.1079
-27.2953	-2.0962
-27.2637	-2.0845
-27.2322	-2.073
-27.2006	-2.0615
-27.1689	-2.0501
-27.1373	-2.0387
-27.1056	-2.0275
-27.0739	-2.0163
-27.0421	-2.0053
-27.0103	-1.9943
-26.9785	-1.9833
-26.9467	-1.9725
-26.9149	-1.9618
-26.883	-1.9511
-26.8511	-1.9405
-26.8191	-1.93
-26.7872	-1.9196
-26.7552	-1.9092
-26.7231	-1.899
-26.6911	-1.8888
-26.659	-1.8787
-26.6269	-1.8687
-26.5948	-1.8588
-26.5626	-1.8489
-26.5305	-1.8392
-26.4983	-1.8295
-26.466	-1.8199
-26.4338	-1.8104
-26.4015	-1.801
-26.3692	-1.7916
-26.3369	-1.7824
-26.3045	-1.7732
-26.2722	-1.7641
-26.2398	-1.7551
-26.2074	-1.7462
-26.1749	-1.7373
-26.1425	-1.7286
-26.11	-1.7199
-26.0775	-1.7113
-26.0449	-1.7028
-26.0124	-1.6944
-25.9798	-1.6861
-25.9472	-1.6778
-25.9146	-1.6697
-25.882	-1.6616
-25.8493	-1.6536
-25.8166	-1.6457
-25.7839	-1.6378
-25.7512	-1.6301
-25.7185	-1.6224
-25.6857	-1.6149
-25.6529	-1.6074
-25.6201	-1.6
-25.5873	-1.5927
-25.5545	-1.5854
-25.5216	-1.5783
-25.4887	-1.5712
-25.4559	-1.5642
-25.4229	-1.5573
-25.39	-1.5505
-25.3593	-1.547
-25.3287	-1.5434
-25.298	-1.5399
-25.2673	-1.5363
-25.2366	-1.5328
-25.2059	-1.5292
-25.1752	-1.5257
-25.1446	-1.5222
-25.1139	-1.5187
-25.0832	-1.5151
-25.0525	-1.5116
-25.0218	-1.5081
-24.9911	-1.5046
-24.9604	-1.5011
-24.9297	-1.4976
-24.8991	-1.4941
-24.8684	-1.4906
-24.8377	-1.4871
-24.807	-1.4836
-24.7763	-1.4801
-24.7456	-1.4766
-24.7149	-1.4731
-24.6842	-1.4697
-24.6535	-1.4662
-24.6229	-1.4627
-24.5922	-1.4593
-24.5615	-1.4558
-24.5308	-1.4523
-24.5001	-1.4489
-24.4694	-1.4454
-24.4387	-1.442
-24.408	-1.4385
-24.3773	-1.4351
-24.3466	-1.4317
-24.3159	-1.4282
-24.2852	-1.4248
-24.2545	-1.4214
-24.2238	-1.418
-24.1931	-1.4145
-24.1624	-1.4111
-24.1317	-1.4077
-24.101	-1.4043
-24.0703	-1.4009
-24.0396	-1.3975
-24.0089	-1.3941
-23.9782	-1.3907
-23.9475	-1.3873
-23.9168	-1.3839
-23.8861	-1.3805
-23.8554	-1.3772
-23.8247	-1.3738
-23.794	-1.3704
-23.7633	-1.367
-23.7326	-1.3637
-23.7019	-1.3603
-23.6712	-1.357
-23.6405	-1.3536
-23.6098	-1.3502
-23.5791	-1.3469
-23.5484	-1.3436
-23.5177	-1.3402
-23.487	-1.3369
-23.4563	-1.3335
-23.4256	-1.3302
-23.3949	-1.3269
-23.3642	-1.3236
-23.3335	-1.3202
-23.3027	-1.3169
-23.272	-1.3136
-23.2413	-1.3103
-23.2106	-1.307
-23.1799	-1.3037
-23.1492	-1.3004
-23.1185	-1.2971
-23.0878	-1.2938
-23.0571	-1.2905
-23.0264	-1.2872
-22.9956	-1.284
-22.9649	-1.2807
-22.9342	-1.2774
-22.9035	-1.2741
-22.8728	-1.2709
-22.8421	-1.2676
-22.8114	-1.2643
-22.7806	-1.2611
-22.7499	-1.2578
-22.7192	-1.2546
-22.6885	-1.2513
-22.6578	-1.2481
-22.6271	-1.2449
-22.5963	-1.2416
-22.5656	-1.2384
-22.5349	-1.2352
-22.5042	-1.2319
-22.4735	-1.2287
-22.4428	-1.2255
-22.412	-1.2223
-22.3813	-1.2191
-22.3506	-1.2159
-22.3199	-1.2127
-22.2892	-1.2095
-22.2584	-1.2063
-22.2277	-1.2031
-22.197	-1.1999
-22.1663	-1.1967
-22.1355	-1.1935
-22.1048	-1.1904
-22.0741	-1.1872
-22.0434	-1.184
-22.0127	-1.1808
-21.9819	-1.1777
-21.9512	-1.1745
-21.9205	-1.1714
-21.8898	-1.1682
-21.859	-1.1651
-21.8283	-1.1619
-21.7976	-1.1588
-21.7668	-1.1556
-21.7361	-1.1525
-21.7054	-1.1494
-21.6747	-1.1462
-21.6439	-1.1431
-21.6132	-1.14
-21.5825	-1.1369
-21.5517	-1.1338
-21.521	-1.1306
-21.4903	-1.1275
-21.4596	-1.1244
-21.4288	-1.1213
-21.3981	-1.1182
-21.3674	-1.1151
-21.3366	-1.1121
-21.3059	-1.109
-21.2752	-1.1059
-21.2444	-1.1028
-21.2137	-1.0997
-21.183	-1.0967
-21.1522	-1.0936
-21.1215	-1.0905
-21.0908	-1.0875
-21.06	-1.0844
-21.0293	-1.0814
-20.9986	-1.0783
-20.9678	-1.0753
-20.9371	-1.0722
-20.9063	-1.0692
-20.8756	-1.0661
-20.8449	-1.0631
-20.8141	-1.0601
-20.7834	-1.0571
-20.7527	-1.054
-20.7219	-1.051
-20.6912	-1.048
-20.6604	-1.045
-20.6297	-1.042
-20.599	-1.039
-20.5682	-1.036
-20.5375	-1.033
-20.5067	-1.03
-20.476	-1.027
-20.4452	-1.024
-20.4145	-1.021
-20.3838	-1.0181
-20.353	-1.0151
-20.3223	-1.0121
-20.2915	-1.0091
-20.2608	-1.0062
-20.23	-1.0032
-20.1993	-1.0003
-20.1686	-0.9973
-20.1378	-0.9944
-20.1071	-0.9914
-20.0763	-0.9885
-20.0456	-0.9855
-20.0148	-0.9826
-19.9841	-0.9797
-19.9533	-0.9767
-19.9226	-0.9738
-19.8918	-0.9709
-19.8611	-0.968
-19.8303	-0.965
-19.7996	-0.9621
-19.7688	-0.9592
-19.7381	-0.9563
-19.7073	-0.9534
-19.6766	-0.9505
-19.6458	-0.9476
-19.6151	-0.9447
-19.5843	-0.9419
-19.5536	-0.939
-19.5228	-0.9361
-19.4921	-0.9332
-19.4613	-0.9303
-19.4306	-0.9275
-19.3998	-0.9246
-19.3691	-0.9217
-19.3383	-0.9189
-19.3075	-0.916
-19.2768	-0.9132
-19.246	-0.9103
-19.2153	-0.9075
-19.1845	-0.9047
-19.1538	-0.9018
-19.123	-0.899
-19.0923	-0.8962
-19.0615	-0.8933
-19.0307	-0.8905
-19	-0.8877
-18.9692	-0.8849
-18.9385	-0.8821
-18.9077	-0.8793
-18.8769	-0.8764
-18.8462	-0.8736
-18.8154	-0.8708
-18.7847	-0.8681
-18.7539	-0.8653
-18.7231	-0.8625
-18.6924	-0.8597
-18.6616	-0.8569
-18.6309	-0.8541
-18.6001	-0.8514
-18.5693	-0.8486
-18.5386	-0.8458
-18.5078	-0.8431
-18.477	-0.8403
-18.4463	-0.8376
-18.4155	-0.8348
-18.3848	-0.8321
-18.354	-0.8293
-18.3232	-0.8266
-18.2925	-0.8238
-18.2617	-0.8211
-18.2309	-0.8184
-18.2002	-0.8156
-18.1694	-0.8129
-18.1386	-0.8102
-18.1079	-0.8075
-18.0771	-0.8048
-18.0463	-0.8021
-18.0156	-0.7994
-17.9848	-0.7967
-17.954	-0.794
-17.9232	-0.7913
-17.8925	-0.7886
-17.8617	-0.7859
-17.8309	-0.7832
-17.8002	-0.7805
-17.7694	-0.7778
-17.7386	-0.7752
-17.7079	-0.7725
-17.6771	-0.7698
-17.6463	-0.7672
-17.6155	-0.7645
-17.5848	-0.7619
-17.554	-0.7592
-17.5232	-0.7566
-17.4924	-0.7539
-17.4617	-0.7513
-17.4309	-0.7486
-17.4001	-0.746
-17.3693	-0.7434
-17.3386	-0.7407
-17.3078	-0.7381
-17.277	-0.7355
-17.2462	-0.7329
-17.2155	-0.7303
-17.1847	-0.7277
-17.1539	-0.7251
-17.1231	-0.7225
-17.0924	-0.7199
-17.0616	-0.7173
-17.0308	-0.7147
-17	-0.7121
-16.9693	-0.7095
-16.9385	-0.7069
-16.9077	-0.7043
-16.8769	-0.7018
-16.8461	-0.6992
-16.8154	-0.6966
-16.7846	-0.6941
-16.7538	-0.6915
-16.723	-0.689
-16.6922	-0.6864
-16.6614	-0.6839
-16.6307	-0.6813
-16.5999	-0.6788
-16.5691	-0.6762
-16.5383	-0.6737
-16.5075	-0.6712
-16.4768	-0.6686
-16.446	-0.6661
-16.4152	-0.6636
-16.3844	-0.6611
-16.3536	-0.6586
-16.3228	-0.6561
-16.292	-0.6535
-16.2613	-0.651
-16.2305	-0.6485
-16.1997	-0.6461
-16.1689	-0.6436
-16.1381	-0.6411
-16.1073	-0.6386
-16.0765	-0.6361
-16.0458	-0.6336
-16.015	-0.6312
-15.9842	-0.6287
-15.9534	-0.6262
-15.9226	-0.6238
-15.8918	-0.6213
-15.861	-0.6188
-15.8302	-0.6164
-15.7994	-0.6139
-15.7687	-0.6115
-15.7379	-0.609
-15.7071	-0.6066
-15.6763	-0.6042
-15.6455	-0.6017
-15.6147	-0.5993
-15.5839	-0.5969
-15.5531	-0.5945
-15.5223	-0.5921
-15.4915	-0.5896
-15.4607	-0.5872
-15.4299	-0.5848
-15.3992	-0.5824
-15.3684	-0.58
-15.3376	-0.5776
-15.3068	-0.5752
-15.276	-0.5728
-15.2452	-0.5705
-15.2144	-0.5681
-15.1836	-0.5657
-15.1528	-0.5633
-15.122	-0.561
-15.0912	-0.5586
-15.0604	-0.5562
-15.0296	-0.5539
-14.9988	-0.5515
-14.968	-0.5492
-14.9372	-0.5468
-14.9064	-0.5445
-14.8756	-0.5421
-14.8448	-0.5398
-14.814	-0.5374
-14.7832	-0.5351
-14.7524	-0.5328
-14.7216	-0.5305
-14.6908	-0.5281
-14.66	-0.5258
-14.6292	-0.5235
-14.5984	-0.5212
-14.5676	-0.5189
-14.5368	-0.5166
-14.506	-0.5143
-14.4752	-0.512
-14.4444	-0.5097
-14.4136	-0.5074
-14.3828	-0.5051
-14.352	-0.5029
-14.3212	-0.5006
-14.2904	-0.4983
-14.2596	-0.496
-14.2288	-0.4938
-14.198	-0.4915
-14.1672	-0.4892
-14.1364	-0.487
-14.1056	-0.4847
-14.0748	-0.4825
-14.044	-0.4802
-14.0132	-0.478
-13.9824	-0.4757
-13.9516	-0.4735
-13.9208	-0.4713
-13.89	-0.4691
-13.8591	-0.4668
-13.8283	-0.4646
-13.7975	-0.4624
-13.7667	-0.4602
-13.7359	-0.458
-13.7051	-0.4558
-13.6743	-0.4536
-13.6435	-0.4514
-13.6127	-0.4492
-13.5819	-0.447
-13.5511	-0.4448
-13.5203	-0.4426
-13.4894	-0.4404
-13.4586	-0.4382
-13.4278	-0.4361
-13.397	-0.4339
-13.3662	-0.4317
-13.3354	-0.4296
-13.3046	-0.4274
-13.2738	-0.4252
-13.243	-0.4231
-13.2121	-0.4209
-13.1813	-0.4188
-13.1505	-0.4166
-13.1197	-0.4145
-13.0889	-0.4124
-13.0581	-0.4102
-13.0273	-0.4081
-12.9965	-0.406
-12.9656	-0.4039
-12.9348	-0.4017
-12.904	-0.3996
-12.8732	-0.3975
-12.8424	-0.3954
-12.8116	-0.3933
-12.7808	-0.3912
-12.7499	-0.3891
-12.7191	-0.387
-12.6883	-0.3849
-12.6575	-0.3828
-12.6267	-0.3808
-12.5959	-0.3787
-12.565	-0.3766
-12.5342	-0.3745
-12.5034	-0.3725
-12.4726	-0.3704
-12.4418	-0.3683
-12.4109	-0.3663
-12.3801	-0.3642
-12.3493	-0.3622
-12.3185	-0.3601
-12.2877	-0.3581
-12.2569	-0.3561
-12.226	-0.354
-12.1952	-0.352
-12.1644	-0.35
-12.1336	-0.3479
-12.1028	-0.3459
-12.0719	-0.3439
-12.0411	-0.3419
-12.0103	-0.3399
-11.9795	-0.3379
-11.9486	-0.3359
-11.9178	-0.3339
-11.887	-0.3319
-11.8562	-0.3299
-11.8254	-0.3279
-11.7945	-0.3259
-11.7637	-0.3239
-11.7329	-0.3219
-11.7021	-0.32
-11.6712	-0.318
-11.6404	-0.316
-11.6096	-0.314
-11.5788	-0.3121
-11.5479	-0.3101
-11.5171	-0.3082
-11.4863	-0.3062
-11.4555	-0.3043
-11.4246	-0.3023
-11.3938	-0.3004
-11.363	-0.2985
-11.3322	-0.2965
-11.3013	-0.2946
-11.2705	-0.2927
-11.2397	-0.2908
-11.2089	-0.2888
-11.178	-0.2869
-11.1472	-0.285
-11.1164	-0.2831
-11.0855	-0.2812
-11.0547	-0.2793
-11.0239	-0.2774
-10.9931	-0.2755
-10.9622	-0.2736
-10.9314	-0.2717
-10.9006	-0.2698
-10.8697	-0.268
-10.8389	-0.2661
-10.8081	-0.2642
-10.7772	-0.2624
-10.7464	-0.2605
-10.7156	-0.2586
-10.6848	-0.2568
-10.6539	-0.2549
-10.6231	-0.2531
-10.5923	-0.2512
-10.5614	-0.2494
-10.5306	-0.2475
-10.4998	-0.2457
-10.4689	-0.2439
-10.4381	-0.242
-10.4073	-0.2402
-10.3764	-0.2384
-10.3456	-0.2366
-10.3148	-0.2348
-10.2839	-0.2329
-10.2531	-0.2311
-10.2223	-0.2293
-10.1914	-0.2275
-10.1606	-0.2257
-10.1298	-0.2239
-10.0989	-0.2221
-10.0681	-0.2204
-10.0373	-0.2186
-10.0064	-0.2168
-9.9778	-0.2166
-9.9492	-0.2163
-9.9206	-0.2161
-9.8921	-0.2159
-9.8635	-0.2156
-9.8349	-0.2154
-9.8063	-0.2152
-9.7777	-0.215
-9.7491	-0.2148
-9.7205	-0.2145
-9.6919	-0.2143
-9.6633	-0.2141
-9.6347	-0.2139
-9.6061	-0.2137
-9.5775	-0.2135
-9.549	-0.2133
-9.5204	-0.2131
-9.4918	-0.2129
-9.4632	-0.2127
-9.4346	-0.2126
-9.406	-0.2124
-9.3774	-0.2122
-9.3488	-0.212
-9.3202	-0.2118
-9.2916	-0.2117
-9.263	-0.2115
-9.2345	-0.2113
-9.2059	-0.2112
-9.1773	-0.211
-9.1487	-0.2109
-9.1201	-0.2107
-9.0915	-0.2105
-9.0629	-0.2104
-9.0343	-0.2102
-9.0057	-0.2101
-8.9771	-0.21
-8.9485	-0.2098
-8.9199	-0.2097
-8.8914	-0.2095
-8.8628	-0.2094
-8.8342	-0.2093
-8.8056	-0.2092
-8.777	-0.209
-8.7484	-0.2089
-8.7198	-0.2088
-8.6912	-0.2087
-8.6626	-0.2086
-8.634	-0.2085
-8.6054	-0.2084
-8.5768	-0.2082
-8.5482	-0.2081
-8.5197	-0.208
-8.4911	-0.208
-8.4625	-0.2079
-8.4339	-0.2078
-8.4053	-0.2077
-8.3767	-0.2076
-8.3481	-0.2075
-8.3195	-0.2074
-8.2909	-0.2074
-8.2623	-0.2073
-8.2337	-0.2072
-8.2051	-0.2071
-8.1766	-0.2071
-8.148	-0.207
-8.1194	-0.207
-8.0908	-0.2069
-8.0622	-0.2068
-8.0336	-0.2068
-8.005	-0.2067
-7.9764	-0.2067
-7.9478	-0.2066
-7.9192	-0.2066
-7.8906	-0.2066
-7.862	-0.2065
-7.8334	-0.2065
-7.8049	-0.2065
-7.7763	-0.2064
-7.7477	-0.2064
-7.7191	-0.2064
-7.6905	-0.2064
-7.6619	-0.2064
-7.6333	-0.2063
-7.6047	-0.2063
-7.5761	-0.2063
-7.5475	-0.2063
-7.5189	-0.2063
-7.4903	-0.2063
-7.4618	-0.2063
-7.4332	-0.2063
-7.4046	-0.2063
-7.376	-0.2063
-7.3474	-0.2063
-7.3188	-0.2064
-7.2902	-0.2064
-7.2616	-0.2064
-7.233	-0.2064
-7.2044	-0.2064
-7.1758	-0.2065
-7.1472	-0.2065
-7.1186	-0.2065
-7.0901	-0.2066
-7.0615	-0.2066
-7.0329	-0.2067
-7.0043	-0.2067
-6.9757	-0.2068
-6.9471	-0.2068
-6.9185	-0.2069
-6.8899	-0.2069
-6.8613	-0.207
-6.8327	-0.207
-6.8041	-0.2071
-6.7755	-0.2072
-6.747	-0.2072
-6.7184	-0.2073
-6.6898	-0.2074
-6.6612	-0.2075
-6.6326	-0.2076
-6.604	-0.2076
-6.5754	-0.2077
-6.5468	-0.2078
-6.5182	-0.2079
-6.4896	-0.208
-6.461	-0.2081
-6.4324	-0.2082
-6.4038	-0.2083
-6.3753	-0.2084
-6.3467	-0.2085
-6.3181	-0.2086
-6.2895	-0.2087
-6.2609	-0.2089
-6.2323	-0.209
-6.2037	-0.2091
-6.1751	-0.2092
-6.1465	-0.2093
-6.1179	-0.2095
-6.0893	-0.2096
-6.0607	-0.2097
-6.0322	-0.2099
-6.0036	-0.21
-5.975	-0.2102
-5.9464	-0.2103
-5.9178	-0.2105
-5.8892	-0.2106
-5.8606	-0.2108
-5.832	-0.2109
-5.8034	-0.2111
-5.7748	-0.2113
-5.7462	-0.2114
-5.7176	-0.2116
-5.6891	-0.2118
-5.6605	-0.2119
-5.6319	-0.2121
-5.6033	-0.2123
-5.5747	-0.2125
-5.5461	-0.2127
-5.5175	-0.2128
-5.4889	-0.213
-5.4603	-0.2132
-5.4317	-0.2134
-5.4031	-0.2136
-5.3745	-0.2138
-5.346	-0.214
-5.3174	-0.2142
-5.2888	-0.2144
-5.2602	-0.2146
-5.2316	-0.2149
-5.203	-0.2151
-5.1744	-0.2153
-5.1458	-0.2155
-5.1172	-0.2157
-5.0886	-0.216
-5.06	-0.2162
-5.0315	-0.2164
-5.0029	-0.2167
-4.9743	-0.2169
-4.9457	-0.2172
-4.9171	-0.2174
-4.8885	-0.2176
-4.8599	-0.2179
-4.8313	-0.2182
-4.8027	-0.2184
-4.7741	-0.2187
-4.7455	-0.2189
-4.717	-0.2192
-4.6884	-0.2195
-4.6598	-0.2197
-4.6312	-0.22
-4.6026	-0.2203
-4.574	-0.2205
-4.5454	-0.2208
-4.5168	-0.2211
-4.4882	-0.2214
-4.4596	-0.2217
-4.431	-0.222
-4.4025	-0.2223
-4.3739	-0.2226
-4.3453	-0.2229
-4.3167	-0.2232
-4.2881	-0.2235
-4.2595	-0.2238
-4.2309	-0.2241
-4.2023	-0.2244
-4.1737	-0.2247
-4.1451	-0.225
-4.1166	-0.2254
-4.088	-0.2257
-4.0594	-0.226
-4.0308	-0.2263
-4.0022	-0.2267
-3.9736	-0.227
-3.945	-0.2273
-3.9164	-0.2277
-3.8878	-0.228
-3.8592	-0.2284
-3.8306	-0.2287
-3.8021	-0.2291
-3.7735	-0.2294
-3.7449	-0.2298
-3.7163	-0.2301
-3.6877	-0.2305
-3.6591	-0.2309
-3.6305	-0.2312
-3.6019	-0.2316
-3.5733	-0.232
-3.5448	-0.2323
-3.5162	-0.2327
-3.4876	-0.2331
-3.459	-0.2335
-3.4304	-0.2339
-3.4018	-0.2343
-3.3732	-0.2347
-3.3446	-0.235
-3.316	-0.2354
-3.2874	-0.2358
-3.2589	-0.2362
-3.2303	-0.2367
-3.2017	-0.2371
-3.1731	-0.2375
-3.1445	-0.2379
-3.1159	-0.2383
-3.0873	-0.2387
-3.0587	-0.2391
-3.0301	-0.2396
-3.0016	-0.24
-2.973	-0.2404
-2.9444	-0.2409
-2.9158	-0.2413
-2.8872	-0.2417
-2.8586	-0.2422
-2.83	-0.2426
-2.8014	-0.2431
-2.7728	-0.2435
-2.7443	-0.244
-2.7157	-0.2444
-2.6871	-0.2449
-2.6585	-0.2453
-2.6299	-0.2458
-2.6013	-0.2463
-2.5727	-0.2467
-2.5441	-0.2472
-2.5156	-0.2477
-2.487	-0.2481
-2.4584	-0.2486
-2.4298	-0.2491
-2.4012	-0.2496
-2.3726	-0.2501
-2.344	-0.2506
-2.3154	-0.2511
-2.2868	-0.2516
-2.2583	-0.2521
-2.2297	-0.2526
-2.2011	-0.2531
-2.1725	-0.2536
-2.1439	-0.2541
-2.1153	-0.2546
-2.0867	-0.2551
-2.0581	-0.2556
-2.0296	-0.2561
-2.001	-0.2567
-1.9724	-0.2572
-1.9438	-0.2577
-1.9152	-0.2582
-1.8866	-0.2588
-1.858	-0.2593
-1.8294	-0.2598
-1.8009	-0.2604
-1.7723	-0.2609
-1.7437	-0.2615
-1.7151	-0.262
-1.6865	-0.2626
-1.6579	-0.2631
-1.6293	-0.2637
-1.6008	-0.2643
-1.5722	-0.2648
-1.5436	-0.2654
-1.515	-0.266
-1.4864	-0.2665
-1.4578	-0.2671
-1.4292	-0.2677
-1.4007	-0.2683
-1.3721	-0.2688
-1.3435	-0.2694
-1.3149	-0.27
-1.2863	-0.2706
-1.2577	-0.2712
-1.2291	-0.2718
-1.2005	-0.2724
-1.172	-0.273
-1.1434	-0.2736
-1.1148	-0.2742
-1.0862	-0.2748
-1.0576	-0.2754
-1.029	-0.276
-1.0005	-0.2767
-0.9719	-0.2773
-0.9433	-0.2779
-0.9147	-0.2785
-0.8861	-0.2792
-0.8575	-0.2798
-0.8289	-0.2804
-0.8004	-0.2811
-0.7718	-0.2817
-0.7432	-0.2823
-0.7146	-0.283
-0.686	-0.2836
-0.6574	-0.2843
-0.6288	-0.2849
-0.6003	-0.2856
-0.5717	-0.2863
-0.5431	-0.2869
-0.5145	-0.2876
-0.4859	-0.2882
-0.4573	-0.2889
-0.4288	-0.2896
-0.4002	-0.2903
-0.3716	-0.2909
-0.343	-0.2916
-0.3144	-0.2923
-0.2858	-0.293
-0.2573	-0.2937
-0.2287	-0.2944
-0.2001	-0.2951
-0.1715	-0.2958
-0.1429	-0.2965
-0.1143	-0.2972
-0.0857	-0.2979
-0.0572	-0.2986
-0.0286	-0.2993
0.005	-0.299
0.035	-0.2997
0.065	-0.3003
0.095	-0.301
0.125	-0.3017
0.155	-0.3024
0.185	-0.3032
0.215	-0.3039
0.245	-0.3046
0.275	-0.3053
0.305	-0.3061
0.3351	-0.3068
0.3651	-0.3076
0.3951	-0.3083
0.4251	-0.3091
0.4551	-0.3098
0.4851	-0.3106
0.5151	-0.3114
0.5451	-0.3121
0.5751	-0.3129
0.6051	-0.3137
0.6351	-0.3145
0.6651	-0.3153
0.6951	-0.3161
0.7251	-0.3169
0.7551	-0.3178
0.7851	-0.3186
0.8151	-0.3194
0.8451	-0.3203
0.8751	-0.3211
0.9051	-0.3219
0.9351	-0.3228
0.9651	-0.3237
0.9951	-0.3245
1.0251	-0.3254
1.0551	-0.3263
1.0851	-0.3271
1.1151	-0.328
1.1451	-0.3289
1.1751	-0.3298
1.2051	-0.3307
1.2351	-0.3316
1.2651	-0.3326
1.2951	-0.3335
1.3251	-0.3344
1.3551	-0.3353
1.3851	-0.3363
1.4151	-0.3372
1.4451	-0.3382
1.4751	-0.3391
1.5051	-0.3401
1.5351	-0.341
1.5651	-0.342
1.5951	-0.343
1.6251	-0.344
1.6551	-0.345
1.6851	-0.346
1.7151	-0.347
1.7451	-0.348
1.7751	-0.349
1.8051	-0.35
1.8351	-0.351
1.8651	-0.352
1.895	-0.3531
1.925	-0.3541
1.955	-0.3552
1.985	-0.3562
2.015	-0.3573
2.045	-0.3583
2.075	-0.3594
2.105	-0.3605
2.135	-0.3616
2.165	-0.3626
2.195	-0.3637
2.225	-0.3648
2.255	-0.3659
2.285	-0.367
2.315	-0.3681
2.345	-0.3693
2.3749	-0.3704
2.4049	-0.3715
2.4349	-0.3727
2.4649	-0.3738
2.4949	-0.3749
2.5249	-0.3761
2.5549	-0.3773
2.5849	-0.3784
2.6149	-0.3796
2.6449	-0.3808
2.6749	-0.3819
2.7048	-0.3831
2.7348	-0.3843
2.7648	-0.3855
2.7948	-0.3867
2.8248	-0.3879
2.8548	-0.3891
2.8848	-0.3904
2.9148	-0.3916
2.9448	-0.3928
2.9747	-0.3941
3.0047	-0.3953
3.0347	-0.3965
3.0647	-0.3978
3.0947	-0.3991
3.1247	-0.4003
3.1547	-0.4016
3.1846	-0.4029
3.2146	-0.4042
3.2446	-0.4054
3.2746	-0.4067
3.3046	-0.408
3.3346	-0.4093
3.3646	-0.4107
3.3945	-0.412
3.4245	-0.4133
3.4545	-0.4146
3.4845	-0.416
3.5145	-0.4173
3.5445	-0.4186
3.5744	-0.42
3.6044	-0.4213
3.6344	-0.4227
3.6644	-0.4241
3.6944	-0.4254
3.7244	-0.4268
3.7543	-0.4282
3.7843	-0.4296
3.8143	-0.431
3.8443	-0.4324
3.8743	-0.4338
3.9042	-0.4352
3.9342	-0.4366
3.9642	-0.438
3.9942	-0.4395
4.0242	-0.4409
4.0541	-0.4424
4.0841	-0.4438
4.1141	-0.4452
4.1441	-0.4467
4.174	-0.4482
4.204	-0.4496
4.234	-0.4511
4.264	-0.4526
4.294	-0.4541
4.3239	-0.4556
4.3539	-0.4571
4.3839	-0.4586
4.4139	-0.4601
4.4438	-0.4616
4.4738	-0.4631
4.5038	-0.4646
4.5338	-0.4662
4.5637	-0.4677
4.5937	-0.4692
4.6237	-0.4708
4.6536	-0.4723
4.6836	-0.4739
4.7136	-0.4755
4.7436	-0.477
4.7735	-0.4786
4.8035	-0.4802
4.8335	-0.4818
4.8635	-0.4834
4.8934	-0.485
4.9234	-0.4866
4.9534	-0.4882
4.9833	-0.4898
5.0133	-0.4914
5.0433	-0.493
5.0732	-0.4947
5.1032	-0.4963
5.1332	-0.498
5.1631	-0.4996
5.1931	-0.5013
5.2231	-0.5029
5.253	-0.5046
5.283	-0.5063
5.313	-0.5079
5.3429	-0.5096
5.3729	-0.5113
5.4029	-0.513
5.4328	-0.5147
5.4628	-0.5164
5.4928	-0.5181
5.5227	-0.5198
5.5527	-0.5216
5.5827	-0.5233
5.6126	-0.525
5.6426	-0.5268
5.6726	-0.5285
5.7025	-0.5303
5.7325	-0.532
5.7624	-0.5338
5.7924	-0.5355
5.8224	-0.5373
5.8523	-0.5391
5.8823	-0.5409
5.9122	-0.5427
5.9422	-0.5445
5.9722	-0.5463
6.0021	-0.5481
6.0321	-0.5499
6.062	-0.5517
6.092	-0.5535
6.1219	-0.5554
6.1519	-0.5572
6.1819	-0.559
6.2118	-0.5609
6.2418	-0.5627
6.2717	-0.5646
6.3017	-0.5664
6.3316	-0.5683
6.3616	-0.5702
6.3915	-0.5721
6.4215	-0.574
6.4515	-0.5759
6.4814	-0.5777
6.5114	-0.5796
6.5413	-0.5816
6.5713	-0.5835
6.6012	-0.5854
6.6312	-0.5873
6.6611	-0.5892
6.6911	-0.5912
6.721	-0.5931
6.751	-0.5951
6.7809	-0.597
6.8109	-0.599
6.8408	-0.601
6.8708	-0.6029
6.9007	-0.6049
6.9307	-0.6069
6.9606	-0.6089
6.9906	-0.6109
7.0205	-0.6129
7.0505	-0.6149
7.0804	-0.6169
7.1103	-0.6189
7.1403	-0.6209
7.1702	-0.6229
7.2002	-0.625
7.2301	-0.627
7.2601	-0.6291
7.29	-0.6311
7.3199	-0.6332
7.3499	-0.6352
7.3798	-0.6373
7.4098	-0.6394
7.4397	-0.6414
7.4697	-0.6435
7.4996	-0.6456
7.5295	-0.6477
7.5595	-0.6498
7.5894	-0.6519
7.6194	-0.654
7.6493	-0.6561
7.6792	-0.6583
7.7092	-0.6604
7.7391	-0.6625
7.769	-0.6647
7.799	-0.6668
7.8289	-0.669
7.8589	-0.6711
7.8888	-0.6733
7.9187	-0.6754
7.9487	-0.6776
7.9786	-0.6798
8.0085	-0.682
8.0385	-0.6842
8.0684	-0.6864
8.0983	-0.6886
8.1283	-0.6908
8.1582	-0.693
8.1881	-0.6952
8.218	-0.6974
8.248	-0.6997
8.2779	-0.7019
8.3078	-0.7041
8.3378	-0.7064
8.3677	-0.7086
8.3976	-0.7109
8.4276	-0.7132
8.4575	-0.7154
8.4874	-0.7177
8.5173	-0.72
8.5473	-0.7223
8.5772	-0.7246
8.6071	-0.7269
8.637	-0.7292
8.667	-0.7315
8.6969	-0.7338
8.7268	-0.7361
8.7567	-0.7384
8.7866	-0.7408
8.8166	-0.7431
8.8465	-0.7454
8.8764	-0.7478
8.9063	-0.7501
8.9363	-0.7525
8.9662	-0.7549
8.9961	-0.7572
9.0201	-0.7598
9.0441	-0.7624
9.0682	-0.765
9.0922	-0.7676
9.1162	-0.7702
9.1402	-0.7728
9.1642	-0.7754
9.1882	-0.778
9.2123	-0.7806
9.2363	-0.7832
9.2603	-0.7858
9.2843	-0.7884
9.3083	-0.791
9.3323	-0.7937
9.3563	-0.7963
9.3804	-0.7989
9.4044	-0.8016
9.4284	-0.8042
9.4524	-0.8069
9.4764	-0.8095
9.5004	-0.8122
9.5244	-0.8149
9.5484	-0.8175
9.5724	-0.8202
9.5965	-0.8229
9.6205	-0.8255
9.6445	-0.8282
9.6685	-0.8309
9.6925	-0.8336
9.7165	-0.8363
9.7405	-0.839
9.7645	-0.8417
9.7885	-0.8444
9.8125	-0.8471
9.8365	-0.8498
9.8605	-0.8525
9.8845	-0.8553
9.9085	-0.858
9.9325	-0.8607
9.9565	-0.8635
9.9805	-0.8662
10.0045	-0.8689
10.0285	-0.8717
10.0525	-0.8744
10.0765	-0.8772
10.1005	-0.8799
10.1245	-0.8827
10.1485	-0.8855
10.1725	-0.8882
10.1965	-0.891
10.2205	-0.8938
10.2445	-0.8966
10.2685	-0.8994
10.2925	-0.9021
10.3165	-0.9049
10.3405	-0.9077
10.3645	-0.9105
10.3885	-0.9133
10.4125	-0.9162
10.4365	-0.919
10.4605	-0.9218
10.4845	-0.9246
10.5085	-0.9274
10.5324	-0.9303
10.5564	-0.9331
10.5804	-0.9359
10.6044	-0.9388
10.6284	-0.9416
10.6524	-0.9445
10.6764	-0.9473
10.7004	-0.9502
10.7244	-0.953
10.7483	-0.9559
10.7723	-0.9588
10.7963	-0.9617
10.8203	-0.9645
10.8443	-0.9674
10.8683	-0.9703
10.8923	-0.9732
10.9162	-0.9761
10.9402	-0.979
10.9642	-0.9819
10.9882	-0.9848
11.0122	-0.9877
11.0361	-0.9906
11.0601	-0.9935
11.0841	-0.9964
11.1081	-0.9994
11.1321	-1.0023
11.156	-1.0052
11.18	-1.0082
11.204	-1.0111
11.228	-1.0141
11.252	-1.017
11.2759	-1.02
11.2999	-1.0229
11.3239	-1.0259
11.3479	-1.0288
11.3718	-1.0318
11.3958	-1.0348
11.4198	-1.0378
11.4437	-1.0407
11.4677	-1.0437
11.4917	-1.0467
11.5157	-1.0497
11.5396	-1.0527
11.5636	-1.0557
11.5876	-1.0587
11.6115	-1.0617
11.6355	-1.0647
11.6595	-1.0678
11.6834	-1.0708
11.7074	-1.0738
11.7314	-1.0768
11.7553	-1.0799
11.7793	-1.0829
11.8033	-1.086
11.8272	-1.089
11.8512	-1.092
11.8752	-1.0951
11.8991	-1.0982
11.9231	-1.1012
11.9471	-1.1043
11.971	-1.1074
11.995	-1.1104
12.0189	-1.1135
12.0429	-1.1166
12.0669	-1.1197
12.0908	-1.1228
12.1148	-1.1259
12.1387	-1.129
12.1627	-1.1321
12.1867	-1.1352
12.2106	-1.1383
12.2346	-1.1414
12.2585	-1.1445
12.2825	-1.1476
12.3064	-1.1507
12.3304	-1.1539
12.3543	-1.157
12.3783	-1.1601
12.4022	-1.1633
12.4262	-1.1664
12.4501	-1.1696
12.4741	-1.1727
12.498	-1.1759
12.522	-1.1791
12.5459	-1.1822
12.5699	-1.1854
12.5938	-1.1886
12.6178	-1.1917
12.6417	-1.1949
12.6657	-1.1981
12.6896	-1.2013
12.7136	-1.2045
12.7375	-1.2077
12.7615	-1.2109
12.7854	-1.2141
12.8093	-1.2173
12.8333	-1.2205
12.8572	-1.2237
12.8812	-1.227
12.9051	-1.2302
12.9291	-1.2334
12.953	-1.2366
12.9769	-1.2399
13.0009	-1.2431
13.0248	-1.2464
13.0487	-1.2496
13.0727	-1.2529
13.0966	-1.2561
13.1206	-1.2594
13.1445	-1.2627
13.1684	-1.2659
13.1924	-1.2692
13.2163	-1.2725
13.2402	-1.2758
13.2642	-1.279
13.2881	-1.2823
13.312	-1.2856
13.336	-1.2889
13.3599	-1.2922
13.3838	-1.2955
13.4078	-1.2988
13.4317	-1.3021
13.4556	-1.3055
13.4795	-1.3088
13.5035	-1.3121
13.5274	-1.3154
13.5513	-1.3188
13.5752	-1.3221
13.5992	-1.3254
13.6231	-1.3288
13.647	-1.3321
13.6709	-1.3355
13.6949	-1.3389
13.7188	-1.3422
13.7427	-1.3456
13.7666	-1.3489
13.7905	-1.3523
13.8145	-1.3557
13.8384	-1.3591
13.8623	-1.3625
13.8862	-1.3659
13.9101	-1.3692
13.9341	-1.3726
13.958	-1.376
13.9819	-1.3794
14.0058	-1.3829
14.0297	-1.3863
14.0536	-1.3897
14.0776	-1.3931
14.1015	-1.3965
14.1254	-1.4
14.1493	-1.4034
14.1732	-1.4068
14.1971	-1.4103
14.221	-1.4137
14.2449	-1.4172
14.2688	-1.4206
14.2928	-1.4241
14.3167	-1.4275
14.3406	-1.431
14.3645	-1.4345
14.3884	-1.4379
14.4123	-1.4414
14.4362	-1.4449
14.4601	-1.4484
14.484	-1.4519
14.5079	-1.4554
14.5318	-1.4589
14.5557	-1.4624
14.5796	-1.4659
14.6035	-1.4694
14.6274	-1.4729
14.6513	-1.4764
14.6752	-1.4799
14.6991	-1.4834
14.723	-1.487
14.7469	-1.4905
14.7708	-1.494
14.7947	-1.4976
14.8186	-1.5011
14.8425	-1.5047
14.8664	-1.5082
14.8903	-1.5118
14.9142	-1.5153
14.9381	-1.5189
14.962	-1.5225
14.9859	-1.526
15.0097	-1.5296
15.0336	-1.5332
15.0575	-1.5368
15.0814	-1.5404
15.1053	-1.544
15.1292	-1.5476
15.1531	-1.5512
15.177	-1.5548
15.2009	-1.5584
15.2247	-1.562
15.2486	-1.5656
15.2725	-1.5692
15.2964	-1.5728
15.3203	-1.5765
15.3442	-1.5801
15.368	-1.5837
15.3919	-1.5874
15.4158	-1.591
15.4397	-1.5947
15.4636	-1.5983
15.4874	-1.602
15.5113	-1.6056
15.5352	-1.6093
15.5591	-1.613
15.583	-1.6166
15.6068	-1.6203
15.6307	-1.624
15.6546	-1.6277
15.6785	-1.6314
15.7023	-1.6351
15.7262	-1.6388
15.7501	-1.6425
15.7739	-1.6462
15.7978	-1.6499
15.8217	-1.6536
15.8456	-1.6573
15.8694	-1.661
15.8933	-1.6647
15.9172	-1.6685
15.941	-1.6722
15.9649	-1.6759
15.9888	-1.6797
16.0126	-1.6834
16.0365	-1.6872
16.0604	-1.6909
16.0842	-1.6947
16.1081	-1.6984
16.1319	-1.7022
16.1558	-1.706
16.1797	-1.7097
16.2067	-1.7144
16.2338	-1.7191
16.2609	-1.7239
16.288	-1.7286
16.3151	-1.7333
16.3421	-1.7381
16.3692	-1.7428
16.3963	-1.7476
16.4233	-1.7523
16.4504	-1.7571
16.4775	-1.7619
16.5045	-1.7666
16.5316	-1.7714
16.5587	-1.7762
16.5857	-1.781
16.6128	-1.7858
16.6399	-1.7907
16.6669	-1.7955
16.694	-1.8003
16.721	-1.8052
16.7481	-1.81
16.7751	-1.8149
16.8022	-1.8197
16.8292	-1.8246
16.8563	-1.8295
16.8833	-1.8343
16.9104	-1.8392
16.9374	-1.8441
16.9645	-1.849
16.9915	-1.8539
17.0186	-1.8588
17.0456	-1.8638
17.0726	-1.8687
17.0997	-1.8736
17.1267	-1.8786
17.1538	-1.8835
17.1808	-1.8885
17.2078	-1.8934
17.2349	-1.8984
17.2619	-1.9034
17.2889	-1.9084
17.316	-1.9134
17.343	-1.9184
17.37	-1.9234
17.397	-1.9284
17.4241	-1.9334
17.4511	-1.9384
17.4781	-1.9435
17.5051	-1.9485
17.5321	-1.9536
17.5591	-1.9586
17.5862	-1.9637
17.6132	-1.9687
17.6402	-1.9738
17.6672	-1.9789
17.6942	-1.984
17.7212	-1.9891
17.7482	-1.9942
17.7752	-1.9993
17.8022	-2.0044
17.8292	-2.0095
17.8562	-2.0147
17.8832	-2.0198
17.9102	-2.025
17.9372	-2.0301
17.9642	-2.0353
17.9912	-2.0404
18.0182	-2.0456
18.0452	-2.0508
18.0722	-2.056
18.0992	-2.0612
18.1262	-2.0664
18.1532	-2.0716
18.1802	-2.0768
18.2071	-2.082
18.2341	-2.0873
18.2611	-2.0925
18.2881	-2.0977
18.3151	-2.103
18.3421	-2.1083
18.369	-2.1135
18.396	-2.1188
18.423	-2.1241
18.4499	-2.1294
18.4769	-2.1346
18.5039	-2.1399
18.5309	-2.1453
18.5578	-2.1506
18.5848	-2.1559
18.6118	-2.1612
18.6387	-2.1666
18.6657	-2.1719
18.6926	-2.1772
18.7196	-2.1826
18.7466	-2.188
18.7735	-2.1933
18.8005	-2.1987
18.8274	-2.2041
18.8544	-2.2095
18.8813	-2.2149
18.9083	-2.2203
18.9352	-2.2257
18.9622	-2.2311
18.9891	-2.2365
19.016	-2.242
19.043	-2.2474
19.0699	-2.2529
19.0969	-2.2583
19.1238	-2.2638
19.1507	-2.2692
19.1777	-2.2747
19.2046	-2.2802
19.2315	-2.2857
19.2585	-2.2912
19.2854	-2.2967
19.3123	-2.3022
19.3393	-2.3077
19.3662	-2.3132
19.3931	-2.3188
19.42	-2.3243
19.4469	-2.3299
19.4739	-2.3354
19.5008	-2.341
19.5277	-2.3465
19.5546	-2.3521
19.5815	-2.3577
19.6084	-2.3633
19.6353	-2.3689
19.6623	-2.3745
19.6892	-2.3801
19.7161	-2.3857
19.743	-2.3913
19.7699	-2.3969
19.7968	-2.4026
19.8237	-2.4082
19.8506	-2.4139
19.8775	-2.4195
19.9044	-2.4252
19.9313	-2.4308
19.9582	-2.4365
19.9851	-2.4422
20.0119	-2.4479
20.0388	-2.4536
20.0657	-2.4593
20.0926	-2.465
20.1195	-2.4707
20.1464	-2.4765
20.1732	-2.4822
20.2001	-2.4879
20.227	-2.4937
20.2539	-2.4994
20.2808	-2.5052
20.3076	-2.511
20.3345	-2.5167
20.3614	-2.5225
20.3882	-2.5283
20.4151	-2.5341
20.442	-2.5399
20.4688	-2.5457
20.4957	-2.5515
20.5226	-2.5574
20.5494	-2.5632
20.5763	-2.569
20.6031	-2.5749
20.63	-2.5807
20.6568	-2.5866
20.6837	-2.5924
20.7106	-2.5983
20.7374	-2.6042
20.7642	-2.6101
20.7911	-2.616
20.8179	-2.6219
20.8448	-2.6278
20.8716	-2.6337
20.8985	-2.6396
20.9253	-2.6455
20.9521	-2.6515
20.979	-2.6574
21.0058	-2.6634
21.0326	-2.6693
21.0595	-2.6753
21.0863	-2.6812
21.1131	-2.6872
21.14	-2.6932
21.1668	-2.6992
21.1936	-2.7052
21.2204	-2.7112
21.2472	-2.7172
21.2741	-2.7232
21.3009	-2.7293
21.3277	-2.7353
21.3545	-2.7413
21.3813	-2.7474
21.4081	-2.7534
21.4349	-2.7595
21.4618	-2.7655
21.4886	-2.7716
21.5154	-2.7777
21.5422	-2.7838
21.569	-2.7899
21.5958	-2.796
21.6226	-2.8021
21.6494	-2.8082
21.6762	-2.8143
21.7029	-2.8205
21.7297	-2.8266
21.7565	-2.8327
21.7833	-2.8389
21.8101	-2.845
21.8369	-2.8512
21.8637	-2.8574
21.8905	-2.8636
21.9172	-2.8697
21.944	-2.8759
21.9708	-2.8821
21.9976	-2.8883
22.0243	-2.8946
22.0511	-2.9008
22.0779	-2.907
22.1047	-2.9132
22.1314	-2.9195
22.1582	-2.9257
22.185	-2.932
22.2117	-2.9382
22.2385	-2.9445
22.2652	-2.9508
22.292	-2.9571
22.3188	-2.9634
22.3455	-2.9696
22.3723	-2.976
22.399	-2.9823
22.4258	-2.9886
22.4525	-2.9949
22.4793	-3.0012
22.506	-3.0076
22.5327	-3.0139
22.5595	-3.0203
22.5862	-3.0266
22.613	-3.033
22.6397	-3.0394
22.6664	-3.0457
22.6932	-3.0521
22.7199	-3.0585
22.7466	-3.0649
22.7734	-3.0713
22.8001	-3.0777
22.8268	-3.0842
22.8535	-3.0906
22.8803	-3.097
22.907	-3.1035
22.9337	-3.1099
22.9604	-3.1164
22.9871	-3.1228
23.0138	-3.1293
23.0406	-3.1358
23.0673	-3.1423
23.094	-3.1487
23.1207	-3.1552
23.1474	-3.1617
23.1741	-3.1683
23.2008	-3.1748
23.2275	-3.1813
23.2542	-3.1878
23.2809	-3.1944
23.3076	-3.2009
23.3343	-3.2075
23.361	-3.214
23.3877	-3.2206
23.4143	-3.2272
23.441	-3.2337
23.4677	-3.2403
23.4944	-3.2469
23.5211	-3.2535
23.5478	-3.2601
23.5744	-3.2667
23.6011	-3.2734
23.6278	-3.28
23.6545	-3.2866
23.6811	-3.2933
23.7078	-3.2999
23.7345	-3.3066
23.7611	-3.3132
23.7878	-3.3199
23.8145	-3.3266
23.8411	-3.3333
23.8678	-3.34
23.8944	-3.3467
23.9211	-3.3534
23.9477	-3.3601
23.9744	-3.3668
24.001	-3.3735
24.0277	-3.3802
24.0543	-3.387
24.081	-3.3937
24.1076	-3.4005
24.1343	-3.4072
24.1609	-3.414
24.1875	-3.4208
24.2142	-3.4276
24.2408	-3.4343
24.2644	-3.4405
24.2879	-3.4467
24.3115	-3.4529
24.335	-3.4591
24.3585	-3.4654
24.382	-3.4716
24.4056	-3.4779
24.4291	-3.4843
24.4526	-3.4906
24.4761	-3.497
24.4995	-3.5034
24.523	-3.5098
24.5465	-3.5163
24.57	-3.5228
24.5934	-3.5293
24.6169	-3.5358
24.6403	-3.5424
24.6638	-3.5489
24.6872	-3.5555
24.7106	-3.5622
24.734	-3.5688
24.7575	-3.5755
24.7809	-3.5822
24.8043	-3.5889
24.8276	-3.5957
24.851	-3.6025
24.8744	-3.6093
24.8978	-3.6161
24.9211	-3.623
24.9445	-3.6298
24.9678	-3.6367
24.9912	-3.6437
25.0145	-3.6506
25.0378	-3.6576
25.0611	-3.6646
25.0844	-3.6716
25.1077	-3.6787
25.131	-3.6858
25.1543	-3.6929
25.1776	-3.7
25.2009	-3.7072
25.2241	-3.7143
25.2474	-3.7215
25.2706	-3.7288
25.2939	-3.736
25.3171	-3.7433
25.3403	-3.7506
25.3636	-3.7579
25.3868	-3.7653
25.41	-3.7726
25.4332	-3.78
25.4563	-3.7875
25.4795	-3.7949
25.5027	-3.8024
25.5259	-3.8099
25.549	-3.8174
25.5721	-3.825
25.5953	-3.8325
25.6184	-3.8401
25.6415	-3.8478
25.6646	-3.8554
25.6878	-3.8631
25.7108	-3.8708
25.7339	-3.8785
25.757	-3.8862
25.7801	-3.894
25.8032	-3.9018
25.8262	-3.9096
25.8493	-3.9175
25.8723	-3.9253
25.8953	-3.9332
25.9183	-3.9412
25.9414	-3.9491
25.9644	-3.9571
25.9874	-3.9651
26.0103	-3.9731
26.0333	-3.9811
26.0563	-3.9892
26.0793	-3.9973
26.1022	-4.0054
26.1251	-4.0135
26.1481	-4.0217
26.171	-4.0299
26.1939	-4.0381
26.2168	-4.0463
26.2397	-4.0546
26.2626	-4.0629
26.2855	-4.0712
26.3084	-4.0795
26.3313	-4.0879
26.3541	-4.0963
26.377	-4.1047
26.3998	-4.1131
26.4226	-4.1216
26.4454	-4.1301
26.4683	-4.1386
26.4911	-4.1471
26.5138	-4.1556
26.5366	-4.1642
26.5594	-4.1728
26.5822	-4.1815
26.6049	-4.1901
26.6277	-4.1988
26.6504	-4.2075
26.6731	-4.2162
26.6959	-4.225
26.7186	-4.2337
26.7413	-4.2425
26.764	-4.2513
26.7866	-4.2602
26.8093	-4.2691
26.832	-4.278
26.8546	-4.2869
26.8773	-4.2958
26.8999	-4.3048
26.9225	-4.3138
26.9451	-4.3228
26.9677	-4.3318
26.9903	-4.3409
27.0129	-4.35
27.0355	-4.3591
27.0581	-4.3682
27.0806	-4.3774
27.1032	-4.3866
27.1257	-4.3958
27.1482	-4.405
27.1708	-4.4143
27.1933	-4.4235
27.2158	-4.4328
27.2382	-4.4422
27.2607	-4.4515
27.2832	-4.4609
27.3056	-4.4703
27.3281	-4.4797
27.3505	-4.4892
27.373	-4.4986
27.3954	-4.5081
27.4178	-4.5177
27.4402	-4.5272
27.4626	-4.5368
27.4849	-4.5464
27.5073	-4.556
27.5297	-4.5656
27.552	-4.5753
27.5743	-4.585
27.5967	-4.5947
27.619	-4.6044
27.6413	-4.6142
27.6636	-4.624
27.6859	-4.6338
27.7081	-4.6436
27.7304	-4.6534
27.7526	-4.6633
27.7749	-4.6732
27.7971	-4.6831
27.8193	-4.6931
27.8415	-4.7031
27.8637	-4.7131
27.8859	-4.7231
27.9081	-4.7331
27.9303	-4.7432
27.9524	-4.7533
27.9746	-4.7634
27.9967	-4.7735
28.0188	-4.7837
28.0409	-4.7939
28.063	-4.8041
28.0851	-4.8143
28.1072	-4.8246
28.1293	-4.8349
28.1513	-4.8452
28.1734	-4.8555
28.1954	-4.8658
28.2174	-4.8762
28.2395	-4.8866
28.2615	-4.897
28.2835	-4.9075
28.3054	-4.9179
28.3274	-4.9284
28.3494	-4.9389
28.3713	-4.9495
28.3932	-4.96
28.4152	-4.9706
28.4371	-4.9812
28.459	-4.9919
28.4809	-5.0025
28.5027	-5.0132
28.5246	-5.0239
28.5465	-5.0346
28.5683	-5.0454
28.5901	-5.0561
28.612	-5.0669
28.6338	-5.0778
28.6556	-5.0886
28.6774	-5.0995
28.6991	-5.1103
28.7209	-5.1213
28.7427	-5.1322
28.7644	-5.1431
28.7861	-5.1541
28.8078	-5.1651
28.8295	-5.1762
28.8512	-5.1872
28.8729	-5.1983
28.8946	-5.2094
28.9162	-5.2205
28.9379	-5.2316
28.9595	-5.2428
28.9811	-5.254
29.0028	-5.2652
29.0244	-5.2764
29.0459	-5.2877
29.0675	-5.299
29.0891	-5.3103
29.1106	-5.3216
29.1322	-5.333
29.1537	-5.3443
29.1752	-5.3557
29.1967	-5.3672
29.2182	-5.3786
29.2397	-5.3901
29.2611	-5.4015
29.2826	-5.4131
29.304	-5.4246
29.3254	-5.4361
29.3469	-5.4477
29.3683	-5.4593
29.3897	-5.471
29.411	-5.4826
29.4324	-5.4943
29.4538	-5.506
29.4751	-5.5177
29.4964	-5.5294
29.5177	-5.5412
29.539	-5.553
29.5603	-5.5648
29.5816	-5.5766
29.6029	-5.5885
29.6241	-5.6003
29.6454	-5.6122
29.6666	-5.6242
29.6878	-5.6361
29.709	-5.6481
29.7302	-5.66
29.7514	-5.6721
29.7725	-5.6841
29.7937	-5.6962
29.8148	-5.7082
29.8359	-5.7203
29.8571	-5.7325
29.8781	-5.7474
29.899	-5.7624
29.92	-5.7774
29.9409	-5.7925
29.9618	-5.8076
29.9827	-5.8227
30.0035	-5.8379
30.0244	-5.8531
30.0451	-5.8683
30.0659	-5.8836
30.0866	-5.899
30.1073	-5.9143
30.128	-5.9297
30.1487	-5.9452
30.1693	-5.9607
30.1899	-5.9762
30.2104	-5.9917
30.2309	-6.0073
30.2514	-6.023
30.2719	-6.0386
30.2924	-6.0543
30.3128	-6.0701
30.3332	-6.0859
30.3535	-6.1017
30.3739	-6.1176
30.3942	-6.1335
30.4144	-6.1494
30.4347	-6.1654
30.4549	-6.1814
30.4751	-6.1974
30.4952	-6.2135
30.5153	-6.2296
30.5354	-6.2458
30.5555	-6.262
30.5755	-6.2782
30.5955	-6.2945
30.6155	-6.3108
30.6354	-6.3271
30.6554	-6.3435
30.6752	-6.3599
30.6951	-6.3763
30.7149	-6.3928
30.7347	-6.4094
30.7545	-6.4259
30.7742	-6.4425
30.7939	-6.4591
30.8136	-6.4758
30.8332	-6.4925
30.8528	-6.5093
30.8724	-6.526
30.8919	-6.5428
30.9114	-6.5597
30.9309	-6.5766
30.9504	-6.5935
30.9698	-6.6105
30.9892	-6.6275
31.0086	-6.6445
31.0279	-6.6615
31.0472	-6.6786
31.0664	-6.6958
31.0857	-6.7129
31.1049	-6.7302
31.124	-6.7474
31.1432	-6.7647
31.1623	-6.782
31.1814	-6.7993
31.2004	-6.8167
31.2194	-6.8341
31.2384	-6.8516
31.2573	-6.8691
31.2763	-6.8866
31.2951	-6.9041
31.314	-6.9217
31.3328	-6.9394
31.3516	-6.957
31.3703	-6.9747
31.3891	-6.9924
31.4077	-7.0102
31.4264	-7.028
31.445	-7.0458
31.4636	-7.0637
31.4822	-7.0816
31.5007	-7.0995
31.5192	-7.1175
31.5376	-7.1355
31.556	-7.1536
31.5744	-7.1716
31.5928	-7.1897
31.6111	-7.2079
31.6294	-7.226
31.6477	-7.2442
31.6659	-7.2625
31.6841	-7.2808
31.7022	-7.2991
31.7203	-7.3174
31.7384	-7.3358
31.7565	-7.3542
31.7745	-7.3726
31.7925	-7.3911
31.8104	-7.4096
31.8284	-7.4281
31.8462	-7.4467
31.8641	-7.4653
31.8819	-7.484
31.8997	-7.5026
31.9174	-7.5213
31.9351	-7.5401
31.9528	-7.5588
31.9705	-7.5776
31.9881	-7.5965
32.0056	-7.6153
32.0232	-7.6342
32.0407	-7.6532
32.0582	-7.6721
32.0756	-7.6911
32.093	-7.7102
32.1103	-7.7292
32.1277	-7.7483
32.145	-7.7674
32.1622	-7.7866
32.1794	-7.8058
32.1966	-7.825
32.2138	-7.8442
32.2309	-7.8635
32.248	-7.8828
32.265	-7.9022
32.282	-7.9216
32.299	-7.941
32.3159	-7.9604
32.3329	-7.9799
32.3497	-7.9994
32.3665	-8.0189
32.3833	-8.0385
32.4001	-8.0581
32.4168	-8.0777
32.4335	-8.0973
32.4502	-8.117
32.4668	-8.1367
32.4833	-8.1565
32.4999	-8.1763
32.5164	-8.1961
32.5329	-8.2159
32.5493	-8.2358
32.5657	-8.2557
32.582	-8.2756
32.5984	-8.2956
32.6147	-8.3155
32.6309	-8.3356
32.6471	-8.3556
32.6633	-8.3757
32.6794	-8.3958
32.6955	-8.4159
32.7116	-8.4361
32.7276	-8.4563
32.7436	-8.4765
32.7595	-8.4968
32.7755	-8.5171
32.7913	-8.5374
32.8072	-8.5577
32.823	-8.5781
32.8387	-8.5985
32.8545	-8.6189
32.8702	-8.6394
32.8858	-8.6599
32.9014	-8.6804
32.917	-8.7009
32.9325	-8.7215
32.948	-8.7421
32.9635	-8.7628
32.9789	-8.7834
32.9943	-8.8041
33.0096	-8.8248
33.025	-8.8456
33.0402	-8.8663
33.0555	-8.8871
33.0707	-8.908
33.0858	-8.9288
33.1009	-8.9497
33.116	-8.9706
33.131	-8.9916
33.146	-9.0125
33.161	-9.0335
33.1759	-9.0546
33.1908	-9.0756
33.2057	-9.0967
33.2205	-9.1178
33.2352	-9.1389
33.25	-9.1601
33.2647	-9.1813
33.2793	-9.2025
33.2939	-9.2237
33.3085	-9.245
33.323	-9.2663
33.3375	-9.2876
33.352	-9.309
33.3664	-9.3303
33.3808	-9.3517
33.3951	-9.3732
33.4094	-9.3946
33.4237	-9.4161
33.4379	-9.4376
33.4521	-9.4591
33.4662	-9.4807
33.4803	-9.5023
33.4944	-9.5239
33.5084	-9.5455
33.5224	-9.5672
33.5363	-9.5889
33.5502	-9.6106
33.5641	-9.6323
33.5779	-9.6541
33.5917	-9.6759
33.6054	-9.6977
33.6191	-9.7196
33.6328	-9.7414
33.6464	-9.7633
33.66	-9.7852
33.6735	-9.8072
33.687	-9.8291
33.7005	-9.8511
33.7139	-9.8731
33.7273	-9.8952
33.7406	-9.9172
33.7539	-9.9393
33.7672	-9.9615
33.7804	-9.9836
33.7936	-10.0058
33.8067	-10.0279
33.8198	-10.0502
33.8328	-10.0724
33.8458	-10.0946
33.8588	-10.1169
33.8717	-10.1392
33.8846	-10.1616
33.8975	-10.1839
33.9103	-10.2063
33.923	-10.2287
33.9358	-10.2511
33.9484	-10.2736
33.9611	-10.296
33.9737	-10.3185
33.9862	-10.3411
33.9987	-10.3636
34.0112	-10.3862
34.0237	-10.4088
34.036	-10.4314
34.0484	-10.454
34.0607	-10.4766
34.0631	-10.4811
34.073	-10.4993
34.075	-10.5102
34.0868	-10.5394
34.0986	-10.5687
34.1102	-10.5979
34.1219	-10.6272
34.1334	-10.6565
34.1449	-10.6858
34.1563	-10.7152
34.1676	-10.7446
34.1788	-10.774
34.19	-10.8035
34.2011	-10.8329
34.2122	-10.8624
34.2232	-10.892
34.2341	-10.9215
34.2449	-10.9511
34.2556	-10.9807
34.2663	-11.0103
34.2769	-11.04
34.2875	-11.0697
34.2979	-11.0994
34.3083	-11.1291
34.3187	-11.1589
34.3289	-11.1887
34.3391	-11.2185
34.3492	-11.2483
34.3592	-11.2782
34.3692	-11.3081
34.3791	-11.338
34.3889	-11.3679
34.3986	-11.3979
34.4083	-11.4278
34.4179	-11.4578
34.4274	-11.4879
34.4369	-11.5179
34.4463	-11.548
34.4556	-11.5781
34.4648	-11.6082
34.474	-11.6383
34.4831	-11.6685
34.4921	-11.6987
34.501	-11.7289
34.5099	-11.7591
34.5187	-11.7893
34.5274	-11.8196
34.5361	-11.8499
34.5447	-11.8802
34.5532	-11.9105
34.5616	-11.9409
34.5699	-11.9713
34.5782	-12.0017
34.5864	-12.0321
34.5946	-12.0625
34.6026	-12.0929
34.6106	-12.1234
34.6185	-12.1539
34.6264	-12.1844
34.6341	-12.2149
34.6418	-12.2455
34.6494	-12.2761
34.657	-12.3066
34.6645	-12.3372
34.6719	-12.3679
34.6792	-12.3985
34.6864	-12.4291
34.6936	-12.4598
34.7007	-12.4905
34.7077	-12.5212
34.7147	-12.5519
34.7215	-12.5827
34.7283	-12.6134
34.7351	-12.6442
34.7417	-12.675
34.7483	-12.7058
34.7548	-12.7366
34.7612	-12.7675
34.7676	-12.7983
34.7739	-12.8292
34.7801	-12.8601
34.7862	-12.891
34.7922	-12.9219
34.7982	-12.9528
34.8041	-12.9838
34.8099	-13.0147
34.8157	-13.0457
34.8214	-13.0767
34.827	-13.1077
34.8325	-13.1387
34.838	-13.1697
34.8433	-13.2007
34.8486	-13.2318
34.8539	-13.2628
34.859	-13.2939
34.8641	-13.325
34.8691	-13.3561
34.874	-13.3872
34.8789	-13.4183
34.8836	-13.4495
34.8883	-13.4806
34.893	-13.5118
34.8975	-13.543
34.902	-13.5741
34.9064	-13.6053
34.9107	-13.6365
34.915	-13.6677
34.9191	-13.699
34.9232	-13.7302
34.9272	-13.7614
34.9312	-13.7927
34.9351	-13.824
34.9388	-13.8552
34.9426	-13.8865
34.9462	-13.9178
34.9498	-13.9491
34.9533	-13.9804
34.9567	-14.0117
34.96	-14.043
34.9633	-14.0744
34.9665	-14.1057
34.9696	-14.137
34.9726	-14.1684
34.9756	-14.1998
34.9784	-14.2311
34.9812	-14.2625
34.984	-14.2939
34.9866	-14.3253
34.9892	-14.3567
34.9917	-14.3881
34.9941	-14.4195
34.9965	-14.4509
34.9987	-14.4823
35.0009	-14.5137
35.0031	-14.5452
35.0051	-14.5766
35.0071	-14.608
35.009	-14.6395
35.0108	-14.6709
35.0125	-14.7024
35.0142	-14.7338
35.0158	-14.7653
35.0173	-14.7968
35.0187	-14.8282
35.0201	-14.8597
35.0214	-14.8912
35.0226	-14.9226
35.0237	-14.9541
35.0248	-14.9856
35.0257	-15.0171
35.0266	-15.0486
35.044	-15.38
35.5542	-35.8139
